m1= 290;% kg
m2= 59;% kg
b1= 1000;% Ns/m
k1= 16182;% N/m
k2= 19000;% N/m
f=0;% N

x1=0;
x2=0;
dx1=0;
dx2=0;